100008
100023
100053
100078
100090
100122
100123
100128
100134
100143
100150
100157
100187
100204
100237
100259
100263
100288
100295
100322
100335
100367
100380
100382
100383
100402
100428
100434
100444
100445
100458
100474
100479
100506
100513
100520
100541
100561
100571
100601
100623
100672
100673
100724
100727
100730
100740
100744
100765
100774
100801
100813
100821
100822
100836
100852
100859
100861
100867
100887
100894
100938
100951
100986
101007
101061
101074
101092
101127
101133
101135
101140
101151
101164
101166
101181
101232
